-O0 	   = 0.013842 per iteration
-O1  	   = 0.005079 per iteration
-O2  	   = 0.005611 per iteration
-O2 native = 0.004813 per iteration  
